Data for map 

----Y--------
logitude  latitude  Y
31.261720 34.809131 633
31.242654 34.798698 659
32.053251 34.782889 113
32.073453 34.792660 100
32.084828 34.798055 87
32.103542 34.803598 68
31.602508 34.776427 414
31.683907 34.588671 370
31.778542 34.663755 295
31.787994 35.202038 289
31.516427 35.084496 470
32.114539 35.174245 74
32.118699 34.213093 121
32.380066 33.754649 21
32.275572 33.731573 0
31.186971 34.290645 717
32.195446 35.259177 0
31.195970, 35.245844 721

---X-----
logitude  latitude   X
31.261720, 34.809131 330 
31.242654, 34.798698 325 
32.053251, 34.782889 319 
32.073453, 34.792660 326 
32.084828, 34.798055 333 
32.103542, 34.803598 341 
31.602508, 34.776427 311 
31.683907, 34.588671 211 
31.778542, 34.663755 252 
31.787994, 35.202038 558
31.516427, 35.084496 490
32.114539, 35.174245 541
32.118699, 34.213093 67 
32.380066, 33.754649 22
32.275572, 33.731573 0
31.186971, 34.290645 0
32.195446, 35.259177 609
31.195970, 35.245844 609







